#TB1 Pre to Post
Rotational det:1
Rotation Result: 
 0.0793598  -0.295331  -0.952093
  0.994424 -0.0430876  0.0962535
-0.0694501  -0.954423   0.290265

Translation Result: 
 4.92228
-16.3721
 11.1233


#DS0913_1 Post To DS0914_1 Post
Rotation Result: 
 -0.998075 -0.0604603  0.0138263
-0.0606082   0.998106 -0.0105464
-0.0131625 -0.0113641  -0.999849

Translation Result: 
 89.6049
-1.40685
 106.135


#DS0913_2 Post to DS0914_2 Post
Rotation Result: 
  0.999796  0.00161749   0.0201129
-0.00156033    0.999995 -0.00285719
 -0.0201175  0.00282522    0.999794

Translation Result: 
-61.9283
 16.3714
-20.9502