# DS0913_1 Pre
F1: 23.98560254856543, 58.177201799382448, 65.67123592474232
F2: 23.513970188599165, 57.66665761070066, 11.449895460520616
F3: -40.58138282313723, 55.84674994805234, 12.0957413361565
F4: -40.2291850382934, 56.634488157975848, 66.2090416722826
F5: -60.59376685446615, 72.09718023260256, 12.385225635005032

# DS0913_1 post
F1: 82.48910745091811, 60.541471625628599, 87.84839500776546
F2: 83.1055712506701, 59.75373498611824, 33.746076579330068
F3: 18.92122760216464, 57.673612417633858, 32.88910303062075
F4: 18.428811052585578, 58.46136820443159, 87.12531857312406
F5: -0.9964774233753175, 74.19169041556023, 33.03492596372258

#DS0914_1_post
F1: 4.672600244627034, 53.09535924350467, 16.529554254656316
F2: 3.6193686391219694, 52.843846938054827, 70.59132339181065
F3: 67.63448591947213, 54.66413286325001, 72.41236010903347
F4: 69.01813191548919, 54.91560711168795, 18.108189622279864
F5: 86.53765171390033, 72.34410674215543, 72.24459582787989

# DS0913_1Pre to DS0913_1Post
Rotation Result: 
    0.999804  -0.00347235   -0.0194716
  0.00347506     0.999994  0.000105227
   0.0194711 -0.000172871      0.99981

Translation Result: 
60.0291
2.10202
21.749

#DS0913_1 Post To DS0914_1 Post
Rotation Result: 
 -0.998075 -0.0604603  0.0138263
-0.0606082   0.998106 -0.0105464
-0.0131625 -0.0113641  -0.999849

Translation Result: 
 89.6049
-1.40685
 106.135


---------------------------------------------------------------------------------

# DS0913_2 Pre
F1: 4.920494277905702, 58.60475209733417, 14.948238443598399
F2: 3.4659557805886544, 59.132487607868188, 69.04268051934818
F3: 67.55361872932189, 61.044666238953848, 70.75396294438771
F4: 68.79610651794404, 60.256928977135618, 16.647292711491667
F5: 86.5832974080235, 78.72463054414696, 70.50308478556933

# DS0913_2 Post
F1: 45.86170654824281, 58.777294853528797, 56.23609511870866
F2: 48.82261827475217, 58.451551336325149, 2.150492959875387
F3: -15.268402150099679, 56.525225704958319, -1.3218199748111122
F4: -18.060288791647748, 56.792963934219809, 52.79165277425738
F5: -35.22673857682908, 72.90511749379054, -2.079712598254306

#DS0914_2 Post
F1: -14.840231745064124, 75.03139999966413, 34.4310479274482
F2: -12.939977070893488, 74.70612615522676, -19.583373315023765
F3: -77.08287297247083, 72.68914576682174, -21.82620690898561
F4: -78.94396187947615, 72.95759123577831, 32.31139432751967
F5: -97.05243864175468, 89.57451795598056, -21.99781513816842

# DS0913_2Pre to DS0913_2 Post

Rotation Result: 
 -0.997875 -0.0583472   0.028992
-0.0589506   0.998052 -0.0204117
-0.0277446 -0.0220775  -0.999371

53.6969
0.97631
72.5906

#DS0913_2 Post to DS0914_2 Post
Rotation Result: 
  0.999796  0.00161749   0.0201129
-0.00156033    0.999995 -0.00285719
 -0.0201175  0.00282522    0.999794

Translation Result: 
-61.9283
 16.3714
-20.9502

--------------------------------------------------------------------------------------

# TB1 Pre
F1: 50.22696175918109, 8.231692163672769, 31.502069387933646
F2: 51.90740351077355, 27.0052798094135, -5.86047397545072
F3: 27.212162335048867, 15.287892392436995, -33.555376203331629
F4: 32.855994893548537, 21.15143555110042, -47.523740918907808
F5: 21.217579339364997, -40.63420309135226, -28.595321655273439


# TB1 Post
F1: -23.80691248628502, 35.95571905029042, 8.690858961048278
F2: 6.7387153977493778, 33.362047891099638, -19.73423526129451
F3: 34.13796921107674, 6.482549060020069, -15.175312662720775
F4: 46.21870841942769, 10.372429240986998, -25.031828075643995
F5: 45.812564336155428, 3.427106906541246, 40.14368713291309

#TB1 Pre to Post
Rotational det:1
Rotation Result:
0.0813349  -0.295216  -0.951962   4.67012
  0.994236 -0.0429118  0.0982542 -16.6349
-0.0698566  -0.954466   0.290024  11.1413
0.0 0.0 0.0 1.0
Translation Result: 
 4.67012
-16.6349
 11.1413
