Points In:0.05265, 0.05593, 0.12162
Points Out:0.17722, -0.05181, -0.75032
Points In:0.05156, 0.05592, 0.05774
Points Out:0.11920, -0.05530, -0.75301
Points In:-0.00250, 0.05485, 0.05883
Points Out:0.12326, 0.00385, -0.75118
Points In:-0.00073, 0.05486, 0.12340
Points Out:0.18432, 0.00502, -0.75278
aveIn: 
-0.224672
0.0553901
0.0903974
aveOut: 
  0.150998
-0.0245587
 -0.751825
Rotational det:-1
Rotation Result:  0.00283631   -0.999901  -0.0137966
-0.00953146  -0.0138231    0.999859
   0.999951  0.00270441  0.00956972
Translation Result:  0.208267
-0.116319
-0.528179
Registration Transform: 
Translation: 0.208267, -0.116319, -0.528179
Rotation: [ ( 0.002836, -0.999901, -0.013797 ) ( -0.009531, -0.013823, 0.999859 ) ( 0.999951, 0.002704, 0.002704 ) ]
Roll: -2.65947,Pitch: 1.55447,Yaw: 2.0619


Points In:0.05265, 0.05593, 0.12162
Points Out:0.08334, -0.10475, -0.69432
Points In:0.05156, 0.05592, 0.05774
Points Out:0.05163, -0.10482, -0.68682
Points In:-0.00250, 0.05485, 0.05883
Points Out:0.05295, -0.05832, -0.68309
Points In:-0.00273, 0.05486, 0.12340
Points Out:0.07777, -0.05469, -0.69322
aveIn: 
0.0247438
0.0553901
0.0903974
aveOut: 
 -0.183491
-0.0806458
 -0.689364
Rotational det:1
Rotation Result:  0.0698834  -0.996867 -0.0370416
 -0.298595  0.0145264  -0.954269
  0.951818   0.077748  -0.296644
Translation Result: -0.126655
0.0122014
-0.690406
Error:     0.999662
-3.46945e-17
 1.04083e-16
Registration Transform: 
Translation: -0.126655, 0.012201, -0.690406
Rotation: [ ( 0.069883, -0.996867, -0.037042 ) ( -0.298595, 0.014526, -0.954269 ) ( 0.951818, 0.077748, 0.077748 ) ]
Roll: -1.6249,Pitch: 0.222692,Yaw: -1.31704


Points In:0.05265, 0.05593, 0.12162
Points In:0.05156, 0.05592, 0.05774
Points In:-0.00250, 0.05485, 0.05883
Points In:-0.00273, 0.05486, 0.12340

Points Out:0.08334, -0.10475, -0.69432
Points Out:0.05163, -0.10482, -0.68682
Points Out:0.05295, -0.05832, -0.68309
Points Out:0.07777, -0.05469, -0.69322
aveIn: 
 0.024745
  0.05539
0.0903975
aveOut: 
0.0664225
-0.080645
-0.689363
Rotational det:1
Rotation Result:  0.0698612  -0.996873 -0.0369276
 -0.298649  0.0144194  -0.954254
  0.951803  0.0776938  -0.296708
Translation Result:  0.123249
0.0122086
-0.690397
Error:  1.38778e-17
-2.77556e-17
 4.23273e-16
Registration Transform: 
Translation: 0.123249, 0.012209, -0.690397
Rotation: [ ( 0.069861, -0.996873, -0.036928 ) ( -0.298649, 0.014419, -0.954254 ) ( 0.951803, 0.077694, 0.077694 ) ]
Roll: -1.62494,Pitch: 0.222621,Yaw: -1.31706
