#TB 0909 Test
 0.0216184
-0.0246963
 0.0752293
aveOut: 
  0.150751
-0.0356052
 -0.618182
Rotational det:1
Rotation Result: 
  0.260184   0.879418  -0.398658
  0.462955  -0.475945  -0.747762
 -0.847335 0.00999489  -0.530965
Euler Angle
  2.18825
-0.410053
 -1.28314
   3.1206
 -1.07464
-0.992561
 0.644024
  2.29691
-0.771564
 1.27287
0.481327
 2.13762
1.05878
1.01095
3.12277
 1.07473
  3.1316
-1.01103
Translation Result: 
   0.196835
-0.00111397
  -0.559673
Error:   7.5022e-07
 1.82146e-17
-1.35308e-16
Registration Transform: 
Translation: 0.196835, -0.001114, -0.559673
Rotation: [ ( 0.260184, 0.879418, -0.398658 ) ( 0.462956, -0.475945, -0.747762 ) ( -0.847335, 0.009995, 0.009995 ) ]


Tracker Points:[ ( -0.728839, -0.676719, 0.104138, 0.074921 ) ( 0.664296, -0.735749, -0.131851, -0.136451 ) ( 0.165846, -0.026920, 0.985784, 1.096300 ) ( 0.000000, 0.000000, 0.000000, 1.000000 ) ]
Tracker RefPoints:[ ( 0.953791, 0.183960, 0.237574, 0.059705 ) ( -0.135342, 0.968951, -0.206923, 0.116631 ) ( -0.268263, 0.165207, 0.949074, 1.147859 ) ( 0.000000, 0.000000, 0.000000, 1.000000 ) ]
Saving Tooltip location ...
Tracker Points:[ ( -0.714632, -0.689730, 0.116507, 0.048868 ) ( 0.680035, -0.724060, -0.115279, -0.143762 ) ( 0.163870, -0.003153, 0.986477, 1.080914 ) ( 0.000000, 0.000000, 0.000000, 1.000000 ) ]
Tracker RefPoints:[ ( 0.953709, 0.183983, 0.237887, 0.059695 ) ( -0.135132, 0.968845, -0.207552, 0.116735 ) ( -0.268662, 0.165798, 0.948858, 1.147876 ) ( 0.000000, 0.000000, 0.000000, 1.000000 ) ]
Saving Tooltip location ...
Tracker Points:[ ( -0.718319, -0.686431, 0.113267, 0.021948 ) ( 0.677281, -0.727186, -0.111765, -0.146712 ) ( 0.159084, -0.003569, 0.987259, 1.065719 ) ( 0.000000, 0.000000, 0.000000, 1.000000 ) ]
Tracker RefPoints:[ ( 0.953518, 0.184731, 0.238069, 0.059756 ) ( -0.135697, 0.968643, -0.208129, 0.116728 ) ( -0.269052, 0.166150, 0.948686, 1.147887 ) ( 0.000000, 0.000000, 0.000000, 1.000000 ) ]
Saving Tooltip location ...
Tracker Points:[ ( -0.799162, -0.600155, 0.033967, 0.006780 ) ( 0.588899, -0.793004, -0.156023, -0.124712 ) ( 0.120574, -0.104685, 0.987169, 1.107414 ) ( 0.000000, 0.000000, 0.000000, 1.000000 ) ]
Tracker RefPoints:[ ( 0.953397, 0.185647, 0.237844, 0.059718 ) ( -0.136813, 0.968596, -0.207615, 0.116640 ) ( -0.268918, 0.165399, 0.948855, 1.147859 ) ( 0.000000, 0.000000, 0.000000, 1.000000 ) ]
Saving all the translational error.
Points In:0.02289, 0.00985, 0.09979
Points In:0.01004, -0.01585, 0.09289
Points In:0.00285, -0.04497, 0.08107
Points In:0.05069, -0.04781, 0.02718
Points Out:0.15772, -0.06404, -0.58916
Points Out:0.13369, -0.07401, -0.57601
Points Out:0.10325, -0.08119, -0.56812
Points Out:0.06606, -0.03518, -0.61075
aveIn: 
 0.0216184
-0.0246963
 0.0752293
aveOut: 
  0.115181
-0.0636056
 -0.586004
Rotational det:1
Rotation Result: 
  -0.0538889     0.817943      0.57277
    0.076365       0.5753     -0.81437
   -0.995623 -0.000145915   -0.0934645
Euler Angle
 1.68507
0.609882
-1.63658
 3.14134
-2.18377
-1.47699
 1.73255
0.951643
0.131968
  1.62487
0.0764394
 0.955764
 2.18532
  1.4772
-3.14003
 2.18377
-3.14145
 -1.4772
Translation Result: 
0.0934567
0.0102158
-0.557453
Error:  2.25514e-17
-4.33681e-17
-2.94928e-05
Registration Transform: 
Translation: 0.093457, 0.010216, -0.557453
Rotation: [ ( -0.053889, 0.817943, 0.572770 ) ( 0.076365, 0.575300, -0.814370 ) ( -0.995623, -0.000146, -0.000146 ) ]

## 0909
Tracker Points:[ ( -0.907659, -0.287694, 0.305592, 0.137650 ) ( 0.323857, -0.943212, 0.073938, -0.175074 ) ( 0.266966, 0.166079, 0.949288, 1.171384 ) ( 0.000000, 0.000000, 0.000000, 1.000000 ) ]
Tracker RefPoints:[ ( 0.963693, 0.198878, 0.178167, 0.061162 ) ( -0.159109, 0.963572, -0.214974, 0.091273 ) ( -0.214430, 0.178821, 0.960231, 1.199073 ) ( 0.000000, 0.000000, 0.000000, 1.000000 ) ]
Saving Tooltip location ...
Tracker Points:[ ( -0.909691, -0.284962, 0.302090, 0.117865 ) ( 0.321671, -0.943586, 0.078569, -0.181056 ) ( 0.262659, 0.168647, 0.950036, 1.151706 ) ( 0.000000, 0.000000, 0.000000, 1.000000 ) ]
Tracker RefPoints:[ ( 0.963509, 0.199593, 0.178361, 0.061026 ) ( -0.159818, 0.963484, -0.214840, 0.091246 ) ( -0.214728, 0.178496, 0.960224, 1.199059 ) ( 0.000000, 0.000000, 0.000000, 1.000000 ) ]
Saving Tooltip location ...
Tracker Points:[ ( -0.913868, -0.279056, 0.294911, 0.092670 ) ( 0.315796, -0.945073, 0.084322, -0.183503 ) ( 0.255182, 0.170191, 0.951797, 1.135358 ) ( 0.000000, 0.000000, 0.000000, 1.000000 ) ]
Tracker RefPoints:[ ( 0.963593, 0.199332, 0.178202, 0.060867 ) ( -0.159642, 0.963569, -0.214589, 0.091226 ) ( -0.214485, 0.178328, 0.960310, 1.199061 ) ( 0.000000, 0.000000, 0.000000, 1.000000 ) ]
Saving Tooltip location ...
Tracker Points:[ ( -0.934514, -0.244241, 0.258900, 0.056221 ) ( 0.268189, -0.961430, 0.061051, -0.157711 ) ( 0.234004, 0.126487, 0.963973, 1.180738 ) ( 0.000000, 0.000000, 0.000000, 1.000000 ) ]
Tracker RefPoints:[ ( 0.963237, 0.201200, 0.178028, 0.060830 ) ( -0.161021, 0.962818, -0.216918, 0.091427 ) ( -0.215053, 0.180277, 0.959819, 1.199053 ) ( 0.000000, 0.000000, 0.000000, 1.000000 ) ]
Saving all the translational error.
Points In:0.02289, 0.00985, 0.09979
Points In:0.01004, -0.01585, 0.09289
Points In:0.00285, -0.04497, 0.08107
Points In:0.05069, -0.04781, 0.02718
Points Out:0.15845, -0.00371, -0.58861
Points Out:0.13452, -0.01515, -0.57522
Points Out:0.10423, -0.02432, -0.56689
Points Out:0.06484, 0.01932, -0.60922
aveIn: 
 0.0216184
-0.0246963
 0.0752293
aveOut: 
    0.11551
-0.00596683
  -0.584974
Rotational det:1
Rotation Result: 
 -0.0654104    0.782367    0.619374
  0.0724385    0.622788    -0.77903
  -0.995226 -0.00609015  -0.0974103
Euler Angle
 1.69519
0.667945
-1.65421
 3.13181
-2.24314
-1.46558
 1.72679
0.893117
0.115793
 1.63643
0.072502
0.896397
 2.30525
 1.47304
-3.07915
 2.24311
 -3.1355
-1.47323
Translation Result: 
0.0896508
0.0664536
-0.556281
Error:  7.11237e-17
-1.82146e-17
-3.63403e-05
Registration Transform: 
Translation: 0.089651, 0.066454, -0.556281
Rotation: [ ( -0.065410, 0.782367, 0.619374 ) ( 0.072439, 0.622788, -0.779030 ) ( -0.995226, -0.006090, -0.006090 ) ]


racker Points:[ ( -0.964267, -0.252097, -0.081466, 0.182310 ) ( 0.226971, -0.944678, 0.236785, -0.178721 ) ( -0.136652, 0.209834, 0.968140, 1.222765 ) ( 0.000000, 0.000000, 0.000000, 1.000000 ) ]
Tracker RefPoints:[ ( 0.963769, 0.199020, 0.177595, 0.061041 ) ( -0.159277, 0.963464, -0.215333, 0.091121 ) ( -0.213962, 0.179244, 0.960256, 1.199177 ) ( 0.000000, 0.000000, 0.000000, 1.000000 ) ]
Saving Tooltip location ...
Tracker Points:[ ( -0.965904, -0.243736, -0.087307, 0.163687 ) ( 0.217981, -0.947556, 0.233715, -0.183741 ) ( -0.139693, 0.206715, 0.968377, 1.201890 ) ( 0.000000, 0.000000, 0.000000, 1.000000 ) ]
Tracker RefPoints:[ ( 0.963582, 0.199645, 0.177908, 0.060991 ) ( -0.159796, 0.963331, -0.215543, 0.091156 ) ( -0.214417, 0.179264, 0.960151, 1.199165 ) ( 0.000000, 0.000000, 0.000000, 1.000000 ) ]
Saving Tooltip location ...
Tracker Points:[ ( -0.967298, -0.235971, -0.093022, 0.138249 ) ( 0.210811, -0.951870, 0.222490, -0.184323 ) ( -0.141047, 0.195604, 0.970487, 1.183210 ) ( 0.000000, 0.000000, 0.000000, 1.000000 ) ]
Tracker RefPoints:[ ( 0.963554, 0.199779, 0.177913, 0.060984 ) ( -0.159866, 0.963256, -0.215826, 0.091179 ) ( -0.214493, 0.179517, 0.960087, 1.199176 ) ( 0.000000, 0.000000, 0.000000, 1.000000 ) ]
Saving Tooltip location ...
Tracker Points:[ ( -0.973883, -0.193497, -0.118787, 0.100666 ) ( 0.184632, -0.979408, 0.081679, -0.154481 ) ( -0.132145, 0.057614, 0.989555, 1.208814 ) ( 0.000000, 0.000000, 0.000000, 1.000000 ) ]
Tracker RefPoints:[ ( 0.964415, 0.195881, 0.177578, 0.061206 ) ( -0.156548, 0.964316, -0.213511, 0.091022 ) ( -0.213064, 0.178114, 0.960666, 1.199165 ) ( 0.000000, 0.000000, 0.000000, 1.000000 ) ]
Saving all the translational error.
Points In:0.02289, 0.00985, 0.09979
Points In:0.01004, -0.01585, 0.09289
Points In:0.00285, -0.04497, 0.08107
Points In:0.05069, -0.04781, 0.02718
Points Out:0.15532, -0.00063, -0.58725
Points Out:0.13119, -0.01255, -0.57362
Points Out:0.10107, -0.02180, -0.56573
Points Out:0.06258, 0.02064, -0.60646
aveIn: 
 0.0216184
-0.0246963
 0.0752293
aveOut: 
   0.112541
-0.00358679
  -0.583264
Rotational det:1
Rotation Result: 
 -0.0696657    0.775295    0.627745
   0.079915    0.631589   -0.771174
  -0.994364 -0.00355811   -0.105958
Euler Angle
 1.70734
0.678653
-1.66041
 3.13596
-2.25441
-1.46027
 1.73801
0.880683
0.125861
  1.64074
0.0800003
 0.884579

  2.2544
-3.13803
-1.46464
Translation Result: 
0.0859687
0.0682983
-0.553884
Error: -1.73472e-17
-1.64799e-17
-2.62107e-06
Registration Transform: 
Translation: 0.085969, 0.068298, -0.553884
Rotation: [ ( -0.069666, 0.775295, 0.627745 ) ( 0.079915, 0.631589, -0.771174 ) ( -0.994364, -0.003558, -0.003558 ) ]


# Tracker
Tracker Points:[ ( -0.966685, -0.254900, 0.023369, 0.172131 ) ( 0.248824, -0.957196, -0.147858, -0.142300 ) ( 0.060058, -0.137118, 0.988732, 1.127211 ) ( 0.000000, 0.000000, 0.000000, 1.000000 ) ]
Tracker RefPoints:[ ( 0.965410, 0.202618, 0.164102, 0.061593 ) ( -0.165359, 0.962404, -0.215486, 0.099584 ) ( -0.201594, 0.180897, 0.962619, 1.182571 ) ( 0.000000, 0.000000, 0.000000, 1.000000 ) ]
Saving Tooltip location ...
Tracker Points:[ ( -0.962759, -0.270246, -0.007855, 0.151690 ) ( 0.270080, -0.960035, -0.073410, -0.157025 ) ( 0.012297, -0.072797, 0.997271, 1.121573 ) ( 0.000000, 0.000000, 0.000000, 1.000000 ) ]
Tracker RefPoints:[ ( 0.965335, 0.203104, 0.163942, 0.061609 ) ( -0.165826, 0.962274, -0.215707, 0.099590 ) ( -0.201568, 0.181044, 0.962597, 1.182585 ) ( 0.000000, 0.000000, 0.000000, 1.000000 ) ]
Saving Tooltip location ...
Tracker Points:[ ( -0.925227, -0.373597, 0.066178, 0.097417 ) ( 0.365501, -0.924438, -0.108735, -0.160394 ) ( 0.101800, -0.076416, 0.991866, 1.093671 ) ( 0.000000, 0.000000, 0.000000, 1.000000 ) ]
Tracker RefPoints:[ ( 0.965294, 0.203452, 0.163755, 0.061612 ) ( -0.166177, 0.962180, -0.215859, 0.099615 ) ( -0.201479, 0.181155, 0.962595, 1.182592 ) ( 0.000000, 0.000000, 0.000000, 1.000000 ) ]
Saving Tooltip location ...
Tracker Points:[ ( -0.760434, -0.634546, 0.138171, -0.016056 ) ( 0.614448, -0.771889, -0.163220, -0.138618 ) ( 0.210223, -0.039219, 0.976866, 1.139085 ) ( 0.000000, 0.000000, 0.000000, 1.000000 ) ]
Tracker RefPoints:[ ( 0.965075, 0.204276, 0.164014, 0.061660 ) ( -0.166994, 0.962085, -0.215650, 0.099585 ) ( -0.201847, 0.180729, 0.962598, 1.182586 ) ( 0.000000, 0.000000, 0.000000, 1.000000 ) ]
Saving all the translational error.
Points In:0.02289, 0.00985, 0.09979
Points In:0.01004, -0.01585, 0.09289
Points In:0.00285, -0.04497, 0.08107
Points In:0.05069, -0.04781, 0.02718
Points Out:-0.52835, -0.04929, -0.77218
Points Out:-0.54268, -0.06254, -0.79460
Points Out:-0.56488, -0.07257, -0.81566
Points Out:-0.62363, -0.05337, -0.77949
aveIn: 
 0.0216184
-0.0246963
 0.0752293
aveOut: 
 -0.564886
-0.0594425
 -0.790468
Rotational det:1
Rotation Result: 
 -0.346384   0.537835   0.768604
  0.894627 -0.0571194   0.443148
  0.282243   0.841113  -0.461377
Euler Angle
0.765248
 2.26494
0.998627
   1.6386
-0.567867
   1.9942
  2.11142
-0.459107
  1.63456
0.683716
   2.034
 1.44261
   1.9402
-0.286131
  2.07251
 1.46499
 2.14226
0.549007
Translation Result: 
-0.601937
-0.113531
-0.741088
Error:  2.35055e-16
-3.46945e-18
 -0.00303106
Registration Transform: 
Translation: -0.601937, -0.113531, -0.741088
Rotation: [ ( -0.346384, 0.537835, 0.768604 ) ( 0.894627, -0.057119, 0.443148 ) ( 0.282243, 0.841113, 0.841113 ) ]

## DS0911
Saving Tooltip location ...
Tracker Points:[ ( -0.767468, -0.641083, -0.002488, 0.131630 ) ( 0.631402, -0.755195, -0.176102, -0.092194 ) ( 0.111017, -0.136723, 0.984369, 0.968330 ) ( 0.000000, 0.000000, 0.000000, 1.000000 ) ]
Tracker RefPoints:[ ( 0.970032, -0.115223, 0.213918, 0.108065 ) ( 0.148898, 0.977621, -0.148616, 0.173795 ) ( -0.192007, 0.176014, 0.965480, 1.028596 ) ( 0.000000, 0.000000, 0.000000, 1.000000 ) ]
Saving Tooltip location ...
Tracker Points:[ ( -0.761393, -0.648284, -0.002806, 0.094124 ) ( 0.644113, -0.755989, -0.116614, -0.093733 ) ( 0.073478, -0.090597, 0.993173, 0.958975 ) ( 0.000000, 0.000000, 0.000000, 1.000000 ) ]
Tracker RefPoints:[ ( 0.970032, -0.115223, 0.213918, 0.108065 ) ( 0.148898, 0.977621, -0.148616, 0.173795 ) ( -0.192007, 0.176014, 0.965480, 1.028596 ) ( 0.000000, 0.000000, 0.000000, 1.000000 ) ]
Saving Tooltip location ...
Tracker Points:[ ( -0.749184, -0.662222, 0.013607, 0.068681 ) ( 0.651677, -0.740618, -0.163715, -0.105664 ) ( 0.118494, -0.113786, 0.986414, 0.982771 ) ( 0.000000, 0.000000, 0.000000, 1.000000 ) ]
Tracker RefPoints:[ ( 0.970032, -0.115223, 0.213918, 0.108065 ) ( 0.148898, 0.977621, -0.148616, 0.173795 ) ( -0.192007, 0.176014, 0.965480, 1.028596 ) ( 0.000000, 0.000000, 0.000000, 1.000000 ) ]
Saving Tooltip location ...
Tracker Points:[ ( -0.706047, -0.705534, 0.060979, 0.089148 ) ( 0.682132, -0.700699, -0.209086, -0.103355 ) ( 0.190245, -0.106029, 0.975994, 0.997210 ) ( 0.000000, 0.000000, 0.000000, 1.000000 ) ]
Tracker RefPoints:[ ( 0.970032, -0.115223, 0.213918, 0.108065 ) ( 0.148898, 0.977621, -0.148616, 0.173795 ) ( -0.192007, 0.176014, 0.965480, 1.028596 ) ( 0.000000, 0.000000, 0.000000, 1.000000 ) ]
Saving all the translational error.
Points In:0.02498, 0.04051, 0.01693
Points In:0.00643, 0.04008, 0.05401
Points In:0.04378, 0.04139, 0.07248
Points In:0.06219, 0.04159, 0.03517
Points Out:-0.55665, -0.08039, -0.77300
Points Out:-0.58666, -0.07496, -0.80095
Points Out:-0.61519, -0.08407, -0.77190
Points Out:-0.58459, -0.08914, -0.74376
aveIn: 
0.0343438
0.0408919
0.0446481
aveOut: 
 -0.585773
-0.0821417
 -0.772422
Rotational det:-1
Rotation Result: 
-0.288565 0.0422999 -0.956526
-0.219856 -0.975257 0.0231979
 0.931877 -0.216992 -0.290725
Euler Angle
0.0796247
 -1.86675
 -2.99604
0.218931
-3.09928
-1.86379
 1.27573
-3.11839
-2.91987
  1.2705
-2.91993
-3.11781
 0.65107
-1.94204
-2.50041
0.0433459
 -2.92286
 -1.87321
Translation Result: 
 -0.534885
-0.0357467
 -0.782572
Error: -2.1684e-16
2.51535e-17
 0.00146449
Registration Transform: 
Translation: -0.534885, -0.035747, -0.782572
Rotation: [ ( -0.288565, 0.042300, -0.956526 ) ( -0.219856, -0.975257, 0.023198 ) ( 0.931876, -0.216992, -0.216992 ) ]



## 0912 DS0911_1 Test
Saving Tooltip location ...
Tracker Points:[ ( -0.838832, -0.544387, -0.001827, 0.168230 ) ( 0.540149, -0.832710, 0.121793, -0.113815 ) ( -0.067824, 0.101176, 0.992554, 0.990995 ) ( 0.000000, 0.000000, 0.000000, 1.000000 ) ]
Tracker RefPoints:[ ( 0.917525, -0.093838, 0.386449, 0.143537 ) ( 0.145229, 0.983710, -0.105943, 0.170915 ) ( -0.370212, 0.153329, 0.916206, 1.015683 ) ( 0.000000, 0.000000, 0.000000, 1.000000 ) ]
Saving Tooltip location ...
Tracker Points:[ ( -0.837953, -0.545743, 0.000191, 0.156053 ) ( 0.543517, -0.834503, 0.090517, -0.124151 ) ( -0.049240, 0.075953, 0.995895, 1.022634 ) ( 0.000000, 0.000000, 0.000000, 1.000000 ) ]
Tracker RefPoints:[ ( 0.917485, -0.093644, 0.386591, 0.143525 ) ( 0.144834, 0.983824, -0.105420, 0.170844 ) ( -0.370465, 0.152713, 0.916207, 1.015660 ) ( 0.000000, 0.000000, 0.000000, 1.000000 ) ]
Saving Tooltip location ...
Tracker Points:[ ( -0.815561, -0.578017, 0.027507, 0.186063 ) ( 0.577080, -0.808877, 0.112678, -0.128410 ) ( -0.042881, 0.107770, 0.993251, 1.038965 ) ( 0.000000, 0.000000, 0.000000, 1.000000 ) ]
Tracker RefPoints:[ ( 0.917575, -0.094634, 0.386136, 0.143560 ) ( 0.145517, 0.983802, -0.104682, 0.170771 ) ( -0.369975, 0.152243, 0.916483, 1.015624 ) ( 0.000000, 0.000000, 0.000000, 1.000000 ) ]
Saving Tooltip location ...
Tracker Points:[ ( -0.803325, -0.594053, 0.042061, 0.192256 ) ( 0.594255, -0.794952, 0.122116, -0.116329 ) ( -0.039107, 0.123094, 0.991624, 1.002826 ) ( 0.000000, 0.000000, 0.000000, 1.000000 ) ]
Tracker RefPoints:[ ( 0.917421, -0.094449, 0.386547, 0.143448 ) ( 0.145814, 0.983646, -0.105729, 0.170907 ) ( -0.370239, 0.153362, 0.916189, 1.015677 ) ( 0.000000, 0.000000, 0.000000, 1.000000 ) ]
Saving Tooltip location ...
Tracker Points:[ ( -0.821105, -0.570379, 0.021333, 0.149946 ) ( 0.566990, -0.810787, 0.145416, -0.116411 ) ( -0.065646, 0.131497, 0.989141, 0.997573 ) ( 0.000000, 0.000000, 0.000000, 1.000000 ) ]
Tracker RefPoints:[ ( 0.917336, -0.093878, 0.386888, 0.143486 ) ( 0.145271, 0.983725, -0.105747, 0.170849 ) ( -0.370663, 0.153209, 0.916043, 1.015681 ) ( 0.000000, 0.000000, 0.000000, 1.000000 ) ]
Saving all the translational error.
Points In:0.02498, 0.04051, 0.01693
Points In:0.00643, 0.04008, 0.05401
Points In:0.04378, 0.04139, 0.07248
Points In:0.06219, 0.04159, 0.03517
Points In:0.01468, 0.04016, 0.01662
Points Out:-0.57973, -0.07418, -0.80258
Points Out:-0.60633, -0.07932, -0.77093
Points Out:-0.57441, -0.08403, -0.74451
Points Out:-0.54785, -0.07866, -0.77649
Points Out:-0.58979, -0.07405, -0.80490
aveIn: 
0.0304119
 0.040745
0.0390427
aveOut: 
 -0.579622
-0.0780479
 -0.779889
Rotational det:-1
Rotation Result: 
  0.972761  0.0235593   -0.23061
-0.0122241  -0.988225  -0.152521
  0.231488  -0.151186   0.961018
Euler Angle
 0.157395
-0.232705
  3.11738
  0.15181
 -3.11803
-0.232771
 2.90608
 2.98847
-3.12922
 2.90797
-3.12937
 2.98846
  3.12903
 -2.90799
-0.156039
0.0238355
 -2.98982
-0.236375
Translation Result: 
 -0.601161
-0.0314561
 -0.818289
Error:  3.35669e-16
-2.30935e-17
-0.000549617
Registration Transform: 
Translation: -0.601161, -0.031456, -0.818289
Rotation: [ ( 0.972761, 0.023559, -0.230610 ) ( -0.012224, -0.988225, -0.152521 ) ( 0.231488, -0.151186, -0.151186 ) ]
Setting the points ...
Setting the points ...
Setting the points ...
Setting the points ...
Setting the points ..